uniqueid,p1,p2,p3,p4,p5
20053998,0.023844146159582396,0.2655276801249955,0.4446819182557437,0.2158663577287739,0.05007989773090445
20053994,0.12759800788324277,0.30542638755726015,0.3798484606370514,0.11179556833919249,0.07533157558325347
20053979,0.2538151166506871,0.5754674017257914,0.14767497603068067,0.018549589858314692,0.004492915734526473
20053976,0.035310802173218275,0.24279855118781288,0.3709491850431447,0.21230425055928412,0.13863721103653995
20053964,0.029436987322893356,0.22631742480735784,0.36873202301054664,0.2374121124960051,0.13810145236319732
20053947,0.24678278470224796,0.5249928979794752,0.1843870956287063,0.0351683178864387,0.008668903803131992
20053935,0.19702780441035475,0.5002237136465324,0.22480824544582936,0.07303451581975073,0.004905720677532758
20053922,0.08450117183338658,0.3740465537445402,0.3700219274883705,0.12929228365469977,0.04213806327900289
20053918,0.009451901565995525,0.07460983274741663,0.2837896381520542,0.3550055928411634,0.27714303469337026
20053917,0.15104932353254505,0.5580856503675297,0.23937892830510282,0.03664908916586769,0.014837008628954939
20053911,0.2506311920741452,0.6332667518909129,0.09493981037605197,0.019297965271119634,0.0018642803877703205
20053902,0.04899994673484605,0.29979803629132495,0.44857782038990107,0.14723376300557509,0.05539043357835304
20053900,0.027311707680835195,0.26238681154788546,0.48771350449202827,0.18006817939703845,0.04251979688221299
20053898,0.1982928518163417,0.47167048400269873,0.2615403394765811,0.05314397571108978,0.015352348993288592
20053888,0.07208373282198785,0.36507537019281977,0.3675059560126675,0.14545115585384039,0.049883785118684465
20053887,0.04617556194737403,0.2130242178899896,0.42419303291786514,0.24302137708177987,0.07358581016299137
20053856,0.2065103334398637,0.47370565675934784,0.18341988920847976,0.1116877064024715,0.024676414189837004
20053855,0.059390646638968786,0.3919449770959837,0.412587887503995,0.11505672738894215,0.021019761372110368
20053849,0.09336449344838607,0.3812466709278791,0.4040774475338233,0.1061627783104293,0.015148609779482264
20053847,0.12064557366570791,0.332102908277405,0.30651299669756055,0.16950481161890557,0.07123370974042116
20053846,0.2609459891339085,0.5440556088207092,0.1338872909342708,0.05415601363587941,0.006955097475231703
20053844,0.3259294769361884,0.5267577500798978,0.1243208692873122,0.021873335463939495,0.0011185682326621924
20053841,0.017542878448918716,0.1414065551649444,0.3237345087177302,0.2783792301409752,0.23893682752743145
20053836,0.012029047263946591,0.15457503284684487,0.35219363658960967,0.3030041546820071,0.17819812861759168
20053834,0.038836955363800996,0.2388103227868328,0.3841713717552642,0.22220313554206178,0.11597821455204002
20053812,0.2642777245126238,0.5143030254607435,0.15819351230425058,0.05757696814743796,0.005648769574944071
20053808,0.12306248002556726,0.4698785554490253,0.287607861936721,0.10621471183551717,0.013236390753169278
20053800,0.02353032562764107,0.21423333688434354,0.36027351656546275,0.20796314051347617,0.19399968040907634
20053799,0.19279189304357086,0.43584789247540906,0.2520418309008913,0.11590408721281202,0.0034142963673165017
20053793,0.15752103973580484,0.535479919036966,0.21365052732502407,0.08150367529562162,0.011844838606583575
20053787,0.39875359539789096,0.45092148716309777,0.11441088739746459,0.030480984340044738,0.005433045701502077
20053779,0.254473829054366,0.5090714995916338,0.17178811121764145,0.05610951315649302,0.008557046979865772
20053774,0.03161553211888782,0.2883589006072227,0.467018660558929,0.17425650722630587,0.038750399488654524
20053772,0.18479546180888468,0.5189996804090765,0.2141392351123894,0.07602535421327371,0.00604026845637584
20053767,0.05696308724832214,0.40004128049430054,0.3723487269628209,0.1377982848620433,0.03284862043251305
20053765,0.17465200099428282,0.46673901850076366,0.2902165228507511,0.055206668797272845,0.013185788856929797
20053758,0.03791946308724832,0.19576053762295387,0.5096742835836795,0.13538359788359794,0.12126211782252055
20053751,0.423117076808352,0.3654921700223714,0.12665121977202512,0.07920262064557368,0.0055369127516778525
20053748,0.15098831071985436,0.4179929689996804,0.29111287047528667,0.1050997349655068,0.03480611483967188
20053734,0.17702270386834149,0.46356130819218083,0.2106743772012229,0.11118301906892512,0.03755859166932992
20053729,0.27622643016938325,0.462104506232023,0.1830976350271652,0.05602606441532617,0.02254536415610241
20053725,0.030298551187812925,0.14551773729626077,0.317803353122145,0.3377166116260075,0.16866374676777365
20053715,0.1731570256738042,0.5840768261070272,0.1765815311956251,0.06422712261638436,0.0019574944071588368
20053713,0.04021519122190262,0.23380117893540714,0.5040548098434008,0.1837945207911651,0.03813429920812471
20053712,0.3918384467881113,0.47262171087674454,0.11281426440822412,0.02020879940343027,0.0025167785234899327
20053710,0.08189251091935658,0.5120126238414829,0.2860716061219417,0.10382266254749474,0.01620059656972409
20053709,0.03494460423990625,0.22472923546749052,0.46313252370299335,0.20173821952345442,0.07545541706615531
20053707,0.15420262064557366,0.5275300948119741,0.22389741131351867,0.0690529455630127,0.025316927665920953
20053705,0.40165121977202506,0.4554916373708321,0.09406892510919355,0.044127516778523494,0.004660700969425802
20053704,0.1716775860232237,0.49885257980895564,0.2726456801960157,0.050205958595220326,0.006618195376584638
20053700,0.054606991939206706,0.2967668051560669,0.3984388871133839,0.16408952096871562,0.08609779482262703
20053699,0.01680959482972906,0.06268110152338341,0.25234544227832795,0.44828619367209943,0.21987766769645964
20053690,0.20167119420475124,0.5424816235218921,0.16589165867689354,0.06189810376051988,0.028057419835943325
20053681,0.09626389332765171,0.35757963140513477,0.31662361066723477,0.1919809310748908,0.037551933525087886
20053679,0.0671425020418309,0.3188385533184191,0.37157194346791644,0.18263822307446465,0.059808778097368696
20053670,0.24793641916125136,0.5038315400731508,0.2179499130002485,0.028511061396967435,0.0017710663683818046
20053669,0.039218245090728306,0.19499307552998826,0.4477424452256666,0.24428464898263566,0.07376158517098115
20053664,0.2272850751038669,0.4317779908383936,0.22239267071481833,0.09149621817407053,0.02704804516885054
20053659,0.04361040090905862,0.327930027342779,0.4700170448492596,0.11206588899541918,0.04637663790348354
20053654,0.218229998934697,0.6197240865026101,0.1294503036113774,0.027375625865558754,0.005219985085756898
20053647,0.07541679982955153,0.44125741273392266,0.3728201235751572,0.0944968218458151,0.016008842015553425
20053645,0.32638844501260617,0.46856556940449584,0.16227229146692243,0.040051844749831325,0.002721849366144668
20053644,0.0646492489613295,0.2979559497176947,0.3651539362948759,0.1950809630339832,0.07715990199211677
20053636,0.08878901672525832,0.2918497051047385,0.3428127552288628,0.20392769981696163,0.07262082312417885
20053633,0.044926050211285116,0.18019690351905113,0.2921225276091048,0.32093994434598466,0.16181457431457433
20053632,0.12167625439437521,0.46905161393416445,0.27884707574304896,0.08989560029828488,0.04052945563012677
20053630,0.02648662237588412,0.18739915937902513,0.3737389474805581,0.28698244025425235,0.12539283051028016
20053629,0.2674359042647634,0.4533375057703918,0.2299829551507404,0.044023649728347714,0.005219985085756898
20053624,0.050813625226376904,0.23650793650793656,0.3397544476403535,0.2761540783352864,0.09676991229004647
20053623,0.046622989240438915,0.24140833067007564,0.41633109619686787,0.22104239906253326,0.07459518483008416
20053612,0.25188691807819324,0.4294542984979226,0.19493448386065843,0.10994726749760309,0.013777032065622669
20053610,0.39469079578139993,0.40172401548240466,0.12595344625545965,0.05637583892617452,0.02125590355456128
20053609,0.06618195376584636,0.3096569724086504,0.3404069457760731,0.173058485139022,0.11069564291040802
20053604,0.18506445083626277,0.5691594758708852,0.20232768722701608,0.029045488441461594,0.014402897624374137
20053593,0.32130339831682125,0.4678464898263555,0.17278949611164382,0.029796527111963345,0.008264088633216149
20053587,0.16571765917403503,0.460289496111644,0.24903678846631866,0.08438532012357515,0.0405707361244274
20053575,0.07812141872544556,0.4031892510919356,0.35603885612274855,0.12602801747097048,0.03662245658889954
20053574,0.041201484322289685,0.26747540925393276,0.4448585810162993,0.19313811654415683,0.05332640886332161
20053568,0.044882550335570474,0.29157345264727813,0.38905356698980864,0.20240936046305183,0.07208106956429106
20053567,0.015239160541173963,0.14770693512304256,0.4190205425943681,0.23681687440076712,0.1812164873406484
20053562,0.09204529313589713,0.2668131458399915,0.33767843826568644,0.15890859699584528,0.14455452576257943
20053561,0.19593142999183258,0.42868594865239124,0.19510848336351683,0.11273525442988531,0.06753888356237349
20053558,0.32750923262668236,0.4894335250878878,0.14476225986293098,0.023673697666986255,0.01462128475551294
20053549,0.123366535279287,0.40846250133162904,0.3529744149710593,0.0933418557579631,0.02185469266006179
20053547,0.17691488228400978,0.4718582436703241,0.24528603387663786,0.07315436241610739,0.0327864777529207
20053546,0.32498402045381897,0.5626371577713859,0.09717961009907318,0.014826355598167681,0.0003728560775540641
20053535,0.12546740172579096,0.3077487482688823,0.2691763431696318,0.18810234011576293,0.1095051667199318
20053532,0.04359619686800895,0.26439224459358684,0.3908730158730157,0.21134370228329963,0.08979484038208872
20053531,0.029334895777848796,0.09136438691807823,0.3033082099357267,0.4134059514931997,0.16258655587514656
20053530,0.21261318845211466,0.4628382337274956,0.24672286140406946,0.06395014381591564,0.013875572600404815
20053526,0.5297326089272398,0.3645706828592735,0.08137850218387134,0.021559071055715348,0.0027591349739000746
20053523,0.0983048364759774,0.5440702567380419,0.2842028869713433,0.06383961862149781,0.009582401193139448
20053511,0.29459092361776934,0.5673671034409291,0.11719931820602965,0.020469798657718117,0.0003728560775540641
20053505,0.09468413763715777,0.46414811263804556,0.31771599019921176,0.10232946273214728,0.021122296793437727
20053495,0.04845264727815063,0.24365789567131854,0.4681123717197544,0.17798551187812936,0.06179157345264727
20053489,0.060143016938318944,0.209365345690849,0.34122012712616745,0.27513271900855796,0.1141387912361067
20053484,0.11014967508256099,0.36797432619580284,0.38598593799936065,0.10632523702993502,0.02956482369234047
20053481,0.2645573665707894,0.5544036966016832,0.12912005965697246,0.04297965271119634,0.008939224459358686
20053466,0.12866553034338266,0.4662978054756578,0.2869238485849225,0.08251171833386597,0.03560109726217108
20053463,0.02747682965803771,0.16401761301090165,0.4387637964819174,0.21688993643691631,0.15285182441222717
20053462,0.1821734846063704,0.4700849579205283,0.2509401299669756,0.07627303717907744,0.02052839032704804
20053454,0.2752503462235007,0.4681012748126841,0.21642386633997368,0.031984393309896664,0.008240119313944817
20053448,0.08278203899009269,0.4737389474805583,0.31808751464791735,0.10967028869713433,0.01572121018429743
20053439,0.35904442313838264,0.4721077021412593,0.12541280494300627,0.033778097368701396,0.009656972408650261
20053435,0.05506817939703844,0.4850959660523419,0.3321299847306557,0.096492489613295,0.031213380206668792
20053430,0.08266751890912963,0.31548018536273564,0.3479160008522424,0.17019859024892572,0.08373770462696639
20053418,0.13032118887823588,0.5476443485671675,0.24042425695110264,0.07363907531692766,0.007971130286566529
20053411,0.16816963176023578,0.45445873726075064,0.2064477468839885,0.09043357835304144,0.08049030574198358
20053408,0.07688159156279963,0.2772091722595078,0.32263369553638016,0.22619979759241504,0.0970757430488974
20053407,0.19140699904122735,0.5340657291999578,0.22652072014488123,0.04628209225524662,0.0017244593586875465
20053404,0.1840231170768084,0.4844146159582402,0.23578885692979656,0.08816714605305212,0.007606263982102908
20053400,0.04740731863215084,0.34194364546713535,0.3589285714285714,0.1739520080963034,0.07776845637583893
20053398,0.22360445296686898,0.42238201768403105,0.2527857675508684,0.07285075103867052,0.028377010759561092
20053394,0.36698670146656703,0.5255188913745963,0.09679343773303503,0.010700969425801642,0.0
20053390,0.11947640353680623,0.5919436454671354,0.21490092681367848,0.057092255246617665,0.016586768935762223
20053389,0.26331850786548777,0.513003355704698,0.17899488654522208,0.039929334895777845,0.0047539149888143175
20053385,0.15253408969851923,0.47106903163950153,0.23589228010368948,0.10445563012677105,0.036048968431518766
20053383,0.21917900642732865,0.41966105607045207,0.23872643016938316,0.09099286246937255,0.03144064486346366
20053369,0.25412804943006284,0.5232023010546502,0.16076222435282844,0.06041600085224246,0.0014914243102162564
20053368,0.027703206562266963,0.14367076808351975,0.43217082134867385,0.18240651965484184,0.21404868435069777
20053359,0.1573350555733107,0.530745534604595,0.2341016831788645,0.04833812719718759,0.029479599446042403
20053330,0.5138036646425906,0.37199051880259926,0.08118941088739748,0.03171140939597315,0.0013049962714392245
20053326,0.13041706615532114,0.29819076027129715,0.28889687866197944,0.20020729022406877,0.08228800468733358
20053312,0.17744487056567593,0.4861515038528461,0.24777973083342208,0.08314291040801107,0.005480984340044743
20053301,0.3442926387557261,0.45792763041085177,0.12771208408792306,0.0524928092042186,0.0175748375412805
20053288,0.20645662440964452,0.36375261887006843,0.2447476119455985,0.1371759703135542,0.0478671744611342
20053287,0.06482102908277407,0.30731064237775646,0.3826009374667092,0.1978187919463088,0.04744859912645149
20053271,0.14331389155214652,0.37825583253435574,0.26935211817762145,0.14898663044636198,0.06009152728951386
20053267,0.22670847981250664,0.4992010226909557,0.20176174496644303,0.05373122403323745,0.018597528496857356
20053260,0.2098522779730834,0.4807313305635454,0.16017763928837753,0.09352961542558857,0.05570913674940522
20053253,0.11322973260892726,0.4635799509960582,0.34075050601896245,0.07111297539149888,0.011326834984553103
20053246,0.13371950569937144,0.38394099996448994,0.2834163381982175,0.17020791165086468,0.028715244487056566
20053239,0.10081229359752851,0.3856263982102908,0.23657274244522555,0.18446433010191396,0.09252423564504099
20053238,0.1751384894002343,0.517434128759632,0.21976004048151698,0.08013564859202443,0.007531692766592096
20053237,0.12721014071685213,0.3791182841518412,0.3172920076443567,0.10877143922445937,0.06760812826249067
20053236,0.1996777458186854,0.4215226732005258,0.21828725897517848,0.1291418095948297,0.031370512410780864
20053228,0.06634308085650369,0.2411180355811227,0.27494673484606363,0.29969239373601797,0.11789975498029193
20053225,0.12337408117609458,0.5451462128475552,0.2640207201448812,0.05142883775434113,0.016030148077127944
20053218,0.09456295941195272,0.3266126025354213,0.3407664855651434,0.1652311707680835,0.07282678171939916
20053217,0.12668451049323537,0.4757816661340154,0.3251491424310218,0.06638169809310751,0.006002982848620432
20053213,0.05907638223074467,0.3725529100529098,0.43190582720784076,0.09936969567842054,0.03709518483008416
20053212,0.05108838464543164,0.3549776286353466,0.4211413834735984,0.12965182344376977,0.04314077980185362
20053207,0.29638240829516016,0.519550974752317,0.15175863783246335,0.02979120059656973,0.0025167785234899327
20053205,0.048441994247363375,0.26755219985085754,0.3922778843080856,0.24330190689251094,0.04842601470118249
20053194,0.14389670111146619,0.45579791200596553,0.23164394020098725,0.11189943538936828,0.05676201129221264
20053190,0.06562666453606052,0.28707565427364085,0.3284276126558006,0.24628431163666076,0.07258575689783744
20053189,0.2614357864357864,0.5758112040830163,0.1355504953659316,0.023324810908703517,0.003877703206562267
20053187,0.04870121799652003,0.2458657363019779,0.3333102517666277,0.22739826355598156,0.14472453037889277
20053185,0.14530112567025313,0.5326178047654556,0.2300553069848371,0.0688394410709847,0.023186321508469162
20053184,0.1635453286459998,0.35124773623095773,0.2760728489755336,0.11748216983116308,0.0916519163163459
20053183,0.10077900287631829,0.40520001065303074,0.34260945989133906,0.12009161606477044,0.03131991051454139
20053182,0.2716585800478418,0.3530907105571533,0.20246387654105782,0.11619793331202732,0.05658889954191971
20053181,0.21037516423422462,0.4363463655409962,0.274836209651646,0.07434084372003837,0.004101416853094705
20053174,0.07590639536948264,0.3743381804623415,0.31678029899506416,0.14771891978267818,0.08525620539043358
20053172,0.13135985937999362,0.5265207201448816,0.265153936294876,0.06566794503036115,0.011297539149888142
20053166,0.24375998721636316,0.4501358261425378,0.25335437306913805,0.04022184936614466,0.012527964205816554
20053149,0.1342162032598274,0.44136039203153293,0.3425508682220092,0.058907265366996905,0.022965271119633538
20053148,0.14462687759667625,0.46561734313412173,0.2643522957281347,0.09507164163204432,0.030331841909023122
20053146,0.12996031746031744,0.4767004900394161,0.3107608927239799,0.05733594332587623,0.025242356450410144
20053145,0.19946912396576816,0.4901921096551969,0.21701422179610103,0.08284462554596783,0.010479919036966016
20053141,0.17196255459678278,0.5471396612336208,0.22218493661446678,0.04771093000958772,0.011001917545541706
20053136,0.033373282198785555,0.27585712510209154,0.4148183658250772,0.18058130037995812,0.09536992649408757
20053133,0.1308329782323071,0.39954191967614766,0.33856619083129147,0.09872918220233655,0.032329729057916964
20053129,0.2176307659529136,0.49883482475764335,0.23810589112602537,0.04191301800362202,0.0035155001597954615
20053126,0.3914904477823941,0.43153297113028655,0.14856361634885126,0.02631564930222649,0.0020973154362416107
20053122,0.037185735591775855,0.23283929903057426,0.43369287312240345,0.2106530307872589,0.08562906146798767
20053119,0.05776339618621499,0.35197036681936017,0.3238135186960687,0.21945154646496934,0.04700117183338659
20053118,0.348718973047832,0.44881485032491747,0.16339618621497817,0.03543464365612016,0.003635346756152125
20053113,0.05180968360498563,0.3177679237242998,0.3076022690955576,0.20366597421966548,0.11915414935549166
20053112,0.0764821029082774,0.4086302865665281,0.32992436348141035,0.1417945030361138,0.04316874400767018
20053101,0.08387663790348356,0.48738947480558237,0.2710850111856824,0.11348141046127616,0.04416746564397573
20053075,0.06146532438478747,0.2775593906466389,0.49528603387663794,0.1264354958985831,0.039253755193352516
20053067,0.3211862149781614,0.4847914669223395,0.15718413763715783,0.034545115585384034,0.0022930648769574945
20053064,0.0668717375093214,0.23225205070842647,0.372119686800895,0.21247869393842556,0.11627783104293168
20053059,0.4162618514967509,0.4463788572848976,0.09201732893008058,0.040761159049749654,0.00458080323852136
20053058,0.47977255779269196,0.4206828592734633,0.07211169702780441,0.02683631618195377,0.0005965697240865026
20053053,0.07867130073505915,0.4139315010120378,0.3815192109655198,0.10861475089663009,0.01726323639075317
20053044,0.26444018323212964,0.5303398316821136,0.15843453712581232,0.04513422818791946,0.0016512197720251413
20053041,0.33295914562693085,0.49577341003515496,0.11776259720890594,0.047800149142431025,0.005704697986577182
20053032,0.11445749440715881,0.4656870317105218,0.3180031781541849,0.07567779908383937,0.0261744966442953
20053031,0.1782753630907993,0.471035740918291,0.2266583217925499,0.10805102801747095,0.015979546180888465
20053028,0.10755743759099462,0.44382790028763197,0.289865860587337,0.1319590923617769,0.026789709172259504
20053019,0.2902431554277191,0.5179743261958029,0.15389900926813685,0.03601922872057099,0.0018642803877703205
20053018,0.12038634991655126,0.5184079933241006,0.27975524661766266,0.06485298817513584,0.016597421966549484
20053016,0.04566909910869643,0.27355695820460924,0.46738929725506917,0.1705048648840595,0.0428797805475658
20053006,0.20461054294946915,0.5088921735733815,0.2225058591669329,0.057903217215297766,0.0060882070949185045
20053003,0.11679183977841695,0.5539123255566208,0.23980504953659318,0.07935975284968577,0.010131032278683285
20052999,0.2878031675011541,0.5164962181740707,0.16094510138134294,0.03289123255566209,0.0018642803877703205
20052987,0.5704365079365077,0.375123841482902,0.04285980611483967,0.010740918291253862,0.0008389261744966443
20052984,0.23139359397748657,0.5518585099960938,0.16278230531586235,0.04744859912645148,0.006516991584105677
20052975,0.07752743155427723,0.40809630339831676,0.34109939277724516,0.13439597315436247,0.038880899115798444
20052971,0.07962696637193283,0.3975515784240617,0.39865327935797723,0.09256507226305881,0.031603103582969354
20052957,0.22877783104293176,0.539438851603281,0.17919995738787692,0.04410088420155534,0.00848247576435496
20052956,0.32226927310819914,0.4899022584425267,0.15917181563154717,0.02520773410035155,0.003448918717375093
20052955,0.033382603600724405,0.267389297255069,0.32530583075885094,0.2903097368701395,0.08361253151521608
20052933,0.12735343205141866,0.417421256347431,0.3358221476510068,0.0897890699904123,0.029614093959731545
20052932,0.1965830403749867,0.4811175029295835,0.23250506018962394,0.07334079045488441,0.016453606050921485
20052922,0.05421771243918894,0.2600298284862045,0.4180901779056141,0.20784817655623028,0.059814104612762355
20052918,0.03425925925925926,0.15288741521962998,0.3161424487766769,0.2479182202336565,0.2487926565107772
20052912,0.13575290295088951,0.3778039664784632,0.33433782536131523,0.12642351123894754,0.025681793970384573
20052910,0.0283059905543127,0.1846525336458223,0.41387424097155656,0.2014723376300558,0.17169489719825293
20052906,0.16112575902844353,0.4805355811228294,0.27437191505983455,0.06989142786122654,0.014075316927665919
20052900,0.3006644827953552,0.49871098327474167,0.12343267284542457,0.07389208479812506,0.0032997762863534673
20052892,0.04658836689038031,0.17055280352260213,0.3386017009339158,0.3311570079187528,0.11310012073434889
20052883,0.15970454787568877,0.44187972728241187,0.26203296144571314,0.09901592628102697,0.03736683711515926
20052877,0.06609850502467952,0.3243965703697246,0.34401965484180264,0.2111017897091723,0.05438348005462098
20052872,0.12831575583253438,0.46354577252228285,0.32357338162707305,0.0748149035900714,0.009750186428038776
20052867,0.31028223268156163,0.507949097881984,0.14060003195909238,0.03568765313731757,0.005480984340044743
20052866,0.3683931839972109,0.40013509979952927,0.19760040481517,0.030217321828060088,0.0036539895600298288
20052862,0.0916027484819431,0.46294831504563033,0.33324278257164164,0.10135604204396148,0.010850111856823266
20052848,0.12599872163630557,0.5666799829551507,0.224696388622563,0.07187866197933312,0.010746244806647492
20052844,0.3056310145236319,0.46567504705088575,0.1692793224672419,0.04711036539895601,0.012304250559284116
20052843,0.08647730904442316,0.31510599765633324,0.32293198039842336,0.21971476510067114,0.055769947800149135
20052842,0.19293482120663333,0.5085148787329994,0.22661082703029006,0.052196743723589366,0.019742729306487697
20052841,0.1438944817300522,0.518456375838926,0.23586076488761065,0.08414962181740705,0.017638755726004048
20052836,0.1983737180045904,0.5865163701573095,0.16641224485184214,0.04837807606263982,0.00031959092361776926
20052831,0.01973207627570044,0.19368142111430692,0.37739560029828484,0.30082960477255777,0.10836129753914985
20052830,0.20946122296793437,0.5168957068285928,0.20486710344092882,0.060088420155534256,0.008687546607009693
20052820,0.06523250239693193,0.38514346081460166,0.38341545044565184,0.11777458186854158,0.04843400447427292
20052816,0.24502947338517808,0.41587035261531907,0.20668877170555025,0.0841176627250453,0.04829373956890735
20052814,0.33137583892617456,0.4717091012393023,0.11657522815240937,0.07075743048897412,0.009582401193139448
20052801,0.12122083732821985,0.4718014275061252,0.25155844962891943,0.11969567842051067,0.03572360711622457
20052799,0.14832747416640035,0.5073381627072902,0.27694062710841244,0.057044316608075005,0.010349419409822095
20052785,0.020310003195909237,0.1908197507190797,0.5843706722062427,0.15917625439437516,0.04532331948439331
20052768,0.14623681687440077,0.40347022477894967,0.2778816448279535,0.11711143070203471,0.05529988281666134
20052762,0.021895973154362418,0.21904628741877075,0.4364546713540003,0.18796873335463948,0.13463433471822733
20052750,0.25977068544182647,0.42979830261709445,0.2160185265889964,0.05067913071268776,0.04373335463939491
20052744,0.270387237669117,0.5014954191967618,0.1579804516885054,0.06206189410887398,0.008074997336742303
20052736,0.21618994353893697,0.5314823692340472,0.20658090976882923,0.04192500266325769,0.003821774794929157
20052734,0.28105358474486003,0.5584185575796318,0.12328219878555445,0.03020134228187919,0.007044316608074996
20052729,0.2292230389545825,0.5364213806327899,0.18468316110933558,0.04404229253222541,0.005630126771066368
20052724,0.27070416533503777,0.5242170022371365,0.15205869819963785,0.04806114839671887,0.004958985831469053
20052722,0.13778763183125603,0.4182166826462129,0.3156426440822413,0.08755326515393627,0.04079977628635347
20052714,0.10729910159440363,0.31433942331593334,0.2928229643833671,0.16004580803238527,0.1254927026739107
20052708,0.2237296260786193,0.5359482085153227,0.16506915592486046,0.06026419516352404,0.01498881431767338
20052705,0.10637717055502291,0.3143722701608608,0.276271705550229,0.2433178864386918,0.05966096729519549
20052696,0.17118222009161604,0.5224858847342068,0.2253102695216789,0.06979865771812081,0.011222967934377328
20052687,0.054118284151841195,0.30091394126629023,0.30276179823159705,0.2526352934909982,0.08957068285927343
20052671,0.13607915201874932,0.3402240687475586,0.35193530059301864,0.10936534569084905,0.062396132949824226
20052668,0.023085117715990196,0.19559896665601367,0.47835348531657246,0.2613969674372359,0.0415654628741877
20052663,0.19092095451155844,0.6194457760732929,0.127709864706509,0.035988601257057634,0.025934803451581976
20052661,0.1642617449664429,0.47912671780121446,0.28561175029295843,0.04502237136465323,0.02597741557473101
20052659,0.1239626611270907,0.426060420439615,0.3010107062959413,0.1326084833635169,0.016357728773836157
20052658,0.32293109264585773,0.3985161215865914,0.1993625936578958,0.06601239302581585,0.013177799083839353
20052657,0.04142120308227691,0.1553788927950002,0.32329551507403853,0.3124267604133378,0.16747762863534685
20052656,0.11213779695323318,0.39553105358474466,0.2704697986577183,0.17753408969851922,0.0443272611057846
20052653,0.3028283796740172,0.4807699478001493,0.14406004758353746,0.06275123397606619,0.009590390966229892
20052639,0.1592157593835446,0.4838207094918503,0.23520205248393164,0.10296953233194846,0.018791946308724834
20052638,0.02490145946521785,0.17786078264266192,0.4582103796029973,0.250065249813572,0.08896212847555128
20052637,0.2089467703561663,0.4181913816980931,0.23843746670927882,0.08175934803451579,0.05266503320194594
20052632,0.19277058698199637,0.40472062426760425,0.22389430417953912,0.11514106388267462,0.06347342068818579
20052631,0.18613508043038243,0.46443691468859244,0.24188388357851448,0.08671744611341926,0.020826675189091294
20052629,0.043032917865132636,0.19128848407371885,0.2503329072121019,0.3883722168957067,0.12697347395333977
20052618,0.3094701004935903,0.4700929476936189,0.1632159724441604,0.04527626859841625,0.011944710770214124
20052612,0.2849272930648769,0.48662556372287924,0.14515730975462518,0.06112353964702958,0.022166293810589113
20052607,0.2705417066155321,0.5335978835978837,0.1678216327545187,0.025633855331841916,0.0024049217002237136
20052605,0.04105589290153048,0.12749280920421863,0.2820882603600725,0.39518704946557287,0.15417598806860552
20052604,0.21524137992258793,0.4289127694329034,0.21524981357196118,0.10764088633216151,0.03295515074038563
20052595,0.10415556975959664,0.4628732999538372,0.2632181918255743,0.08420732573417138,0.0855456127268208
20052593,0.05647216007954264,0.25694666382585835,0.3983208160221584,0.20095344625545977,0.08730691381698093
20052590,0.21586635772877386,0.5610374276481659,0.17527564717162028,0.04079223038954582,0.00702833706189411
20052568,0.28373459749298674,0.548845033912148,0.148836156386492,0.01709278789815703,0.0014914243102162564
20052565,0.029860445296686904,0.15983274741663997,0.3925024857071837,0.31756862327332136,0.10023569830616806
20052555,0.11502077341003514,0.45467845602073786,0.30044964667447893,0.1191634707574305,0.010687653137317567
20052544,0.18046766805156056,0.558073221831611,0.1589849437164874,0.09818632150846915,0.004287844891871738
20052541,0.21538830297219563,0.5170208799403433,0.21755885799509958,0.03959198892084797,0.010439970171513794
20052539,0.2625106530307872,0.5291932992436349,0.13103893682752737,0.0483008415894322,0.028956269308618297
20052518,0.10280041546820069,0.4952678349490429,0.2904144916728809,0.08214552040055396,0.029371737509321396
20052515,0.1563074819786229,0.5315533894392955,0.2517151379567486,0.05261531905827209,0.0078086715670608285
20052511,0.1534236177692553,0.46262916799829573,0.23601967259685389,0.12239311459110111,0.025534427044494157
20052509,0.15995259401299672,0.5455483647597742,0.24570682859273474,0.041279162671780126,0.007513049962714392
20052505,0.1772797485884734,0.5551751535811937,0.157808227690778,0.09224992010226911,0.017486950037285606
20052499,0.21035607755406407,0.5034209545115589,0.22139927559390649,0.054250559284116345,0.010573133056354532
20052497,0.06567859806114841,0.39880686055182707,0.3419210077767125,0.1550881538297646,0.03850537978054758
20052495,0.1246244806647491,0.27954662476474557,0.27313793899364375,0.2123868115478854,0.11030414402897622
20052492,0.17472302119953134,0.5301001384894001,0.22995099605837854,0.057116224565888996,0.008109619686800896
20052484,0.18190671496040625,0.43006285288164475,0.21913595042789685,0.11203126664536063,0.05686321508469159
20052482,0.1842006675899293,0.38878590959127857,0.26229626078619384,0.11846436561201666,0.04625279642058166
20052473,0.15333617414154327,0.4582822875608108,0.2485747132559214,0.10020684634778594,0.03959997869393842
20052466,0.22170555022904018,0.5420688185788858,0.18140113987429432,0.04691461595824011,0.007909875359539789
20052459,0.11811015233834028,0.40178038777032077,0.31594758708852677,0.12691088739746453,0.037250985405347825
20052456,0.1657731437093854,0.5197374027910945,0.22597075743048897,0.07899222328752528,0.009526472781506338
20052455,0.19258549057206772,0.5351416853094706,0.20278177266432304,0.06604213273676361,0.003448918717375093
20052447,0.1969772025141153,0.5154943894037852,0.17250230815667048,0.09057606263982104,0.024450037285607757
20052442,0.11052652604666031,0.4673924043890486,0.24639661233620958,0.14271732182806002,0.03296713540002131
20052440,0.05746244806647492,0.2709332054969638,0.3791786513263023,0.22801480771279423,0.06441088739746458
20052431,0.16307659529136043,0.5468600191754552,0.24577607329285175,0.036960690316395,0.00732662192393736
20052424,0.14861111111111108,0.6027924256951103,0.20184963247043788,0.032690156599552565,0.01405667412378822
20052418,0.3853361031213379,0.4170262064557368,0.1637850218387131,0.026414189837008623,0.0074384787472035795
20052413,0.07044627321472961,0.2742791449167289,0.4109769797689261,0.17575636518589532,0.06854123691372016
20052405,0.1581868541600085,0.5586187457831756,0.2102557615141508,0.05871417918397785,0.014224459358687547
20052401,0.1944604239906254,0.5545599814056188,0.19324149936566043,0.0517723979972302,0.005965697240865026
20052399,0.04211498171229714,0.2850422570221228,0.3785257093142998,0.21649089165867694,0.07782616029260325
20052397,0.17974193032917865,0.5661020560349421,0.19781479705976354,0.05099073186321508,0.005350484712900821
20052396,0.26808929015304866,0.48674851745321557,0.1716629381058911,0.05909635666347075,0.014402897624374135
20052395,0.19770027697880047,0.4466895706828592,0.2506524981357196,0.0920701502077341,0.012887503994886546
20052378,0.39156945776073304,0.4652657931181419,0.08946015766485564,0.040007457121551064,0.013697134334718227
20052377,0.08606450410141682,0.39194231383828704,0.3165055395760094,0.1798910727602003,0.025596569724086502
20052366,0.058059017790561426,0.2829986506161004,0.35552759134973905,0.232882355030006,0.0705323852135933
20052361,0.05188824970704165,0.19210610418664117,0.41450232591172204,0.28344696566173083,0.058056354532864625
20052356,0.10600031959092361,0.41150394162139137,0.3562453392990305,0.09173724299563225,0.034513156493022265
20052343,0.1001597954618089,0.336241610738255,0.33212954085437296,0.1586795568339192,0.07278949611164376
20052342,0.03159955257270693,0.27225151805688713,0.3387836902098646,0.24227522105038882,0.11509001811015229
20052341,0.16890513476083946,0.5249480664749122,0.25641978267817206,0.04405028230531588,0.005676733780760625
20052339,0.2648716309790135,0.5938292319164804,0.1182459784808778,0.019164802386278896,0.0038883562373495254
20052336,0.07739027378289122,0.38651637015730983,0.33583146905294564,0.1696663825858457,0.030595504421007776
20052333,0.16885586449344836,0.517913071268776,0.2174723021199531,0.08789149888143177,0.007867263236390754
20052325,0.06701422179610099,0.40891259188239026,0.36650553957600945,0.1318858527751145,0.025681793970384576
20052319,0.2671007776712475,0.4594266006178759,0.21586502609992547,0.0476336955363801,0.009973900074571216
20052302,0.059379105855615934,0.36899701715137967,0.4341172188487623,0.10996324704378395,0.027543411100458083
20052300,0.20143904690884562,0.4974885479919039,0.22011159049749654,0.07065134405738432,0.010309470544369873
20052299,0.2289935549163737,0.5704791200596571,0.1549363481410461,0.03651193139448172,0.009079045488441462
20052294,0.21817185114164991,0.5205785483470046,0.20145280707361235,0.053402311707680845,0.006394481730052201
20052293,0.1450579621720561,0.38289123255566226,0.29648752626940555,0.12013166736321097,0.055431611639665326
20052290,0.11869606903163951,0.40676733780760643,0.3578672632363906,0.10114919569617559,0.01552013422818792
20052285,0.08675561947374028,0.3104186641099394,0.3481943112815597,0.1939304357089592,0.06070096942580167
20052282,0.08260803948723411,0.45301303220766287,0.3206602215830404,0.11028550122509859,0.03343320549696387
20052281,0.09076648556514329,0.2869345016157097,0.36060997478782714,0.190036752956216,0.07165228507510389
20052278,0.19952327687227006,0.45804703313092554,0.2827966869074252,0.0582534356024289,0.0013795674869500373
20052275,0.16839645254074784,0.4480531586236285,0.27715191221902635,0.07936374773623094,0.02703472888036646
20052274,0.17226083945882606,0.3790707893895815,0.29696388622563136,0.11596223500585914,0.03574224992010227
20052272,0.2007528141756331,0.5340235609530909,0.20746466744788897,0.04900926813678492,0.008749689286602037
20052267,0.09110560704520437,0.2854013529349099,0.313828077838145,0.20944657505060182,0.10021838713113881
20052265,0.17449575654273644,0.4770755654983846,0.19954724619154154,0.13100298284862041,0.017878448918717378
20052264,0.10593373814850324,0.5057970242534,0.33777120840879243,0.04321401938851603,0.007284009800788323
20052263,0.1837101842974326,0.5429596782784704,0.2274448705656759,0.0382230744646852,0.007662192393736018
20052251,0.08872376691168636,0.334835410674337,0.3966371932814885,0.13207094918504314,0.047732679947445046
20052244,0.15392564184510493,0.527226483434537,0.241023489932886,0.06837248322147653,0.009451901565995525
20052238,0.16861483967188667,0.5149222328752528,0.2439850324917438,0.06543091509534464,0.007046979865771811
20052234,0.20841855757963154,0.4763396186214977,0.25020373921380634,0.0565742516245872,0.008463832960477256
20052233,0.21498837044139055,0.4947178722346508,0.2128728560775541,0.07516245871950573,0.002258442526898903
20052227,0.022238201768403104,0.24543384467881113,0.41412858208160214,0.28156093533610316,0.03663843613508043
20052222,0.2114599978693937,0.40956109513156486,0.2851310322786832,0.07360178970917229,0.02024608501118568
20052220,0.05452665033201946,0.2150518447498313,0.3423693228223432,0.18862211924292466,0.19943006285288173
20052213,0.11981863215084688,0.4881951102588686,0.2927186534569085,0.08278736550548632,0.016480238627889637
20052211,0.03889199602286849,0.2797832108234793,0.39480531586236295,0.20635763999857956,0.08016183729270979
20052196,0.07399570973396476,0.28536362345087185,0.3295901246404603,0.2109490962678882,0.10010144590681504
20052185,0.06614466815809097,0.2578046766805155,0.3863055289229784,0.21994247363374878,0.06980265260466607
20052183,0.29394286424487776,0.5012224352828383,0.16439224459358687,0.03666418095948298,0.0037782749192145164
20052174,0.526523383402578,0.39308618301906895,0.06201928198572495,0.01697294130180036,0.0013982102908277406
20052172,0.18989693192713333,0.5564850324917441,0.18834425268989022,0.05638116544156814,0.00889261744966443
20052170,0.2869873228933632,0.4988388196441888,0.16189677213167147,0.044391179290508155,0.007885906040268455
20052161,0.0630606157451795,0.27443006285288174,0.3388595930542239,0.20672738894215403,0.11692233940556086
20052158,0.1958479812506658,0.506446536312308,0.24599300773797417,0.05027431554277191,0.0014381591562799615
20052143,0.2742098598642223,0.4796167572174281,0.18768158575205557,0.05358873974645787,0.0049030574198359435
20052126,0.5110161215865913,0.3808174425624091,0.09350431447746883,0.013096125847803699,0.0015659955257270692
20052113,0.08860170093391571,0.5425979191079862,0.2913634991655127,0.06233620965164591,0.015100671140939598
20052107,0.5346077021412591,0.36869074251624573,0.07415308405241292,0.02105704697986577,0.0014914243102162564
20052101,0.26363321614999474,0.4784981889847661,0.21499813571961227,0.0348993288590604,0.007971130286566529
20052099,0.25472595078299776,0.47928784489187165,0.2336862149781614,0.03229998934696921,0.0
20052098,0.2159435922019815,0.5186796456091758,0.18654699762082314,0.06621923937360179,0.012610525194417814
20052094,0.0815169915841057,0.4533850005326516,0.2166626717801215,0.16901166506871207,0.0794236710344093
20052090,0.056182752743155415,0.47644881218706736,0.33836422712261643,0.11878528816448282,0.010218919782678172
20052081,0.2287485352082667,0.506825929476936,0.19570682859273458,0.0626225098540535,0.0060961968680089485
20052076,0.26872233843710364,0.5357378111572745,0.15547380161474117,0.034696921274102475,0.005369127516778523
20052067,0.03402311707680835,0.32133402578033443,0.4063918184723552,0.19962048577820385,0.03863055289229786
20052063,0.13205230638116544,0.4185411562089415,0.19518926884698698,0.13403776499414086,0.12017950356876529
20052056,0.26111643762650477,0.5281506338553319,0.16163044636199003,0.04751784382656866,0.0015846383296047725
20052053,0.039222683853556345,0.2336906537409893,0.3947240865026098,0.22085597102375626,0.11150660487908809
20052052,0.07089059337381486,0.32041031923582275,0.44827509676502936,0.11276499414083306,0.04765899648449985
20052048,0.12559124320869286,0.4988086360569581,0.2913781470828451,0.0728498632861049,0.011372110365398957
20052035,0.08004864884059514,0.27585446184439477,0.40949007492631656,0.1870836440467313,0.047523170341962274
20052033,0.06981330563545332,0.23400447427293064,0.3385546500479384,0.21159316075423473,0.1460344092894429
20052028,0.43710850111856814,0.44879887077873665,0.0820270054330457,0.029791200596569724,0.0022744220730797913
20052025,0.06205124107808672,0.24381902276197576,0.24715741628493312,0.30914695855971014,0.13782536131529416
20052022,0.10308405241291149,0.3908224139767763,0.32799527715635096,0.13440129966975603,0.0436969567842051
20052019,0.14710370725471394,0.3093280600830937,0.2744371648734064,0.13604586129753912,0.13308520649124678
20052018,0.09792532225418135,0.3890904087212815,0.35354035723163246,0.13477948226270373,0.024664429530201336
20052015,0.1089085969958453,0.2535381378502184,0.3743907192732695,0.17052522421649943,0.0926373216641673
